329415
195137
768
38263
3358
81239
2297
99899
109556
45878
202932
70201
75436
7380
19058
56892
505
78577
19545
79190
93893
192309
244203
7701
325537
8848
15144
245
3181
392
7504
3966
87037
345
609
253
217834
40313
482
1724
66311
3951
3799
2570
5169
322
350
1058
186184
1097
386040
168148
2334
80578
3531
20255
242760
16350
8844
3955
483
312
3851
76888
17943
4931
2756
178269
13295
28565
28745
39990
190585
850
23504
62976
273
16928
9801
94864
84567
22791
38559
58883
35806
72540
150537
3634
49464
45321
50897
3410
34471
20250
12632
15660
7324
42353
198350
46123
47306
45197
76971
26006
31346
93741
48970
164008
245091
9700
427156
10379
327132
365262
