329415
195137
768
38263
3360
81287
2349
99899
109555
45922
202931
70201
75436
7380
19055
56892
505
78577
19548
79188
93894
192307
244216
7701
325536
8848
15141
245
3181
392
7504
3966
87037
345
609
253
217836
40310
482
1724
66311
3951
3800
2570
5168
322
350
1058
186184
1098
386044
168038
2367
80589
3454
20333
242758
16023
258
9027
4435
252
80799
17943
4931
2757
178273
13295
28565
28740
39995
190581
850
86479
272
16928
9807
94863
84568
22791
38486
94686
226712
49463
45325
50894
3410
54721
12629
15562
7425
42350
198432
46048
47307
45213
76973
26160
31435
93816
48921
164009
245088
9700
427159
10377
327132
365269
